[[17  0  0  0]
 [93  0  0  0]
 [11  0  0  0]
 [ 7  0  0  0]]

[[1725    0   14 1902]
 [ 362    0    9 2786]
 [  13    0    0  892]
 [   9    0    0  491]]

[[1132    0    1 2508]
 [ 135    0    0 3022]
 [   2    0    0  903]
 [   1    0    0  499]]

[[ 835    0    0 2806]
 [  57    0    0 3100]
 [   1    0    0  904]
 [   0    0    0  500]]

[[1135    0    0 2506]
 [ 101    0    0 3056]
 [   1    0    0  904]
 [   0    0    0  500]]

[[1187    0    0 2454]
 [  97    0    0 3060]
 [   1    0    0  904]
 [   0    0    0  500]]

[[1392    0    0 2249]
 [ 133    0    0 3024]
 [   1    0    0  904]
 [   0    0    0  500]]

[[1549    0    0 2092]
 [ 168    0    0 2989]
 [   2    0    0  903]
 [   0    0    0  500]]

[[1501    0    0 2140]
 [ 155    3    0 2999]
 [   3    0    0  902]
 [   0    0    0  500]]

[[1715    0    0 1926]
 [ 224   13    0 2920]
 [   6    0    0  899]
 [   0    0    0  500]]

[[1897    0    0 1744]
 [ 275   31    2 2849]
 [  10    0    0  895]
 [   1    0    0  499]]

[[1890    0    0 1751]
 [ 270   54    4 2829]
 [   9    0    0  896]
 [   1    0    0  499]]

[[1954    0    0 1687]
 [ 274  102    3 2778]
 [   9    1    0  895]
 [   1    0    0  499]]

[[1870    0    0 1771]
 [ 248  114    4 2791]
 [   9    1    0  895]
 [   1    0    0  499]]

[[2183    2    5 1451]
 [ 347  226   18 2566]
 [  18    1    0  886]
 [   2    0    1  497]]

[[2135    4    6 1496]
 [ 328  255   19 2555]
 [  17    2    1  885]
 [   2    0    1  497]]

[[2175    6   10 1450]
 [ 334  271   27 2525]
 [  19    2    2  882]
 [   2    0    1  497]]

[[2248    6   13 1374]
 [ 360  324   25 2448]
 [  21    3    1  880]
 [   3    0    1  496]]

[[2179    9   21 1432]
 [ 329  336   46 2446]
 [  16    2    5  882]
 [   2    0    1  497]]

[[2375   11   24 1231]
 [ 443  405   71 2238]
 [  26    5   12  862]
 [   5    0    1  494]]

[[2480   17   33 1111]
 [ 472  464  115 2106]
 [  32    7   22  844]
 [   6    0    2  492]]

[[2439   13   39 1150]
 [ 466  415  127 2149]
 [  32    6   27  840]
 [   5    0    2  493]]

[[2592   24   64  961]
 [ 548  538  241 1830]
 [  41   10   69  785]
 [   7    1   10  482]]

[[2497   29   67 1048]
 [ 488  557  236 1876]
 [  34   10   70  791]
 [   7    1    9  483]]

[[2608   17   62  954]
 [ 568  500  240 1849]
 [  41    6   68  790]
 [   9    0   12  479]]

[[2518   34   83 1006]
 [ 511  575  296 1775]
 [  38   11  105  751]
 [   8    1   19  472]]

[[2643   33   77  888]
 [ 551  607  304 1695]
 [  42   10  111  742]
 [  11    1   19  469]]

[[2742   41   97  761]
 [ 619  673  403 1462]
 [  56   14  155  680]
 [  14    3   30  453]]

[[2722   40   96  783]
 [ 640  670  419 1428]
 [  67   15  176  647]
 [  15    5   40  440]]

[[2756   46   99  740]
 [ 630  692  419 1416]
 [  66   14  165  660]
 [  14    6   33  447]]

[[2730   49  142  720]
 [ 581  692  546 1338]
 [  53   10  221  621]
 [  12    6   45  437]]

[[2729   72  136  704]
 [ 583  758  540 1276]
 [  53   15  232  605]
 [  13    7   48  432]]

[[2787   72  159  623]
 [ 615  788  608 1146]
 [  56   14  276  559]
 [  14    8   66  412]]

[[2847   66  164  564]
 [ 648  792  624 1093]
 [  57   14  288  546]
 [  16    8   71  405]]

[[2941   56  141  503]
 [ 730  806  572 1049]
 [  79   18  265  543]
 [  22    8   63  407]]

[[2874   55  178  534]
 [ 666  794  669 1028]
 [  61   13  314  517]
 [  17    9   80  394]]

[[2967   51  189  434]
 [ 732  806  729  890]
 [  67   15  341  482]
 [  21   10  102  367]]

[[2903   73  198  467]
 [ 651  853  727  926]
 [  58   15  339  493]
 [  21   11   95  373]]

[[3002   63  187  389]
 [ 765  860  715  817]
 [  75   20  359  451]
 [  25   11  110  354]]

[[2999   66  171  405]
 [ 776  888  716  777]
 [  90   25  376  414]
 [  25   13  132  330]]

[[2966   69  217  389]
 [ 692  879  795  791]
 [  67   20  390  428]
 [  21   11  126  342]]

[[2969  108  225  339]
 [ 685  962  816  694]
 [  71   23  414  397]
 [  23   15  140  322]]

[[3034   80  208  319]
 [ 758  940  800  659]
 [  89   25  412  379]
 [  24   14  147  315]]

[[3083   99  208  251]
 [ 786 1007  809  555]
 [ 103   33  436  333]
 [  30   18  159  293]]

[[2932  104  271  334]
 [ 646  936  931  644]
 [  67   19  447  372]
 [  22   14  160  304]]

[[3040  101  221  279]
 [ 751 1013  816  577]
 [  93   30  429  353]
 [  28   16  160  296]]

[[3014  104  263  260]
 [ 713 1000  889  555]
 [  89   28  454  334]
 [  27   16  169  288]]

[[3042  102  271  226]
 [ 748  998  892  519]
 [  88   27  472  318]
 [  27   18  174  281]]

[[3119   91  228  203]
 [ 860  988  814  495]
 [ 107   32  456  310]
 [  38   17  171  274]]

[[2981  128  280  252]
 [ 671 1055  917  514]
 [  77   35  469  324]
 [  26   23  171  280]]

[[3109  104  231  197]
 [ 829 1045  799  484]
 [ 108   35  447  315]
 [  40   22  158  280]]

[[3087  118  246  190]
 [ 787 1091  828  451]
 [ 112   38  455  300]
 [  38   27  166  269]]

[[3087  138  245  171]
 [ 800 1150  820  387]
 [ 118   48  482  257]
 [  43   28  193  236]]

[[3095  133  242  171]
 [ 791 1112  825  429]
 [ 114   43  448  300]
 [  40   26  170  264]]

[[3182  110  221  128]
 [ 919 1120  778  340]
 [ 147   45  469  244]
 [  54   28  188  230]]

[[3143  114  252  132]
 [ 864 1127  823  343]
 [ 129   45  479  252]
 [  46   30  197  227]]

[[3166  119  213  143]
 [ 910 1164  717  366]
 [ 151   57  428  269]
 [  52   33  172  243]]

[[ 0  0 17  0]
 [ 0  0 93  0]
 [ 0  0 11  0]
 [ 0  0  7  0]]

[[   3 3626   12    0]
 [  10 3073   74    0]
 [   3  876   26    0]
 [  10  465   25    0]]

[[   3 3623   15    0]
 [  12 3037  108    0]
 [   4  868   33    0]
 [  11  456   33    0]]

[[ 0  0 17  0]
 [ 0  0 93  0]
 [ 0  0 11  0]
 [ 0  0  7  0]]

[[   0   83 3544   14]
 [   0  103 3034   20]
 [   0   40  860    5]
 [   1   30  462    7]]

[[   0  163 3457   21]
 [   0  191 2944   22]
 [   1   69  829    6]
 [   1   52  439    8]]

[[   2  273 3346   20]
 [   1  307 2830   19]
 [   1  114  785    5]
 [   1   68  423    8]]

[[   4  388 3228   21]
 [   6  447 2686   18]
 [   4  150  746    5]
 [   1   86  405    8]]

[[  22  624 2980   15]
 [  15  703 2425   14]
 [  10  232  658    5]
 [   3  137  353    7]]

[[  58  874 2695   14]
 [  36  932 2176   13]
 [  20  310  569    6]
 [  11  180  300    9]]

[[  82 1156 2392   11]
 [  57 1213 1877   10]
 [  29  370  503    3]
 [  18  223  253    6]]

[[ 156 1365 2111    9]
 [ 111 1407 1633    6]
 [  42  429  432    2]
 [  30  254  211    5]]

[[ 270 1621 1738   12]
 [ 182 1629 1340    6]
 [  67  477  359    2]
 [  49  284  161    6]]

[[ 402 1793 1438    8]
 [ 281 1817 1056    3]
 [  99  524  281    1]
 [  70  302  125    3]]

[[ 556 1920 1159    6]
 [ 406 1924  825    2]
 [ 127  565  212    1]
 [  87  312   99    2]]

[[ 707 2084  848    2]
 [ 485 2073  597    2]
 [ 147  601  156    1]
 [ 100  324   75    1]]

[[ 919 2090  630    2]
 [ 627 2082  447    1]
 [ 174  604  126    1]
 [ 115  328   56    1]]

[[1011 2115  514    1]
 [ 687 2104  365    1]
 [ 213  590  102    0]
 [ 123  328   48    1]]

[[1150 2204  287    0]
 [ 776 2174  207    0]
 [ 232  617   56    0]
 [ 126  347   27    0]]

[[1350 2077  214    0]
 [ 891 2103  163    0]
 [ 264  600   41    0]
 [ 145  331   24    0]]

[[1420 2070  151    0]
 [ 931 2106  120    0]
 [ 272  608   25    0]
 [ 151  332   17    0]]

[[1596 1943  102    0]
 [1064 2016   77    0]
 [ 310  577   18    0]
 [ 186  305    9    0]]

[[1589 1997   55    0]
 [1040 2081   36    0]
 [ 296  599   10    0]
 [ 173  322    5    0]]

[[1820 1794   27    0]
 [1198 1937   22    0]
 [ 334  567    4    0]
 [ 197  300    3    0]]

[[1888 1741   12    0]
 [1254 1895    8    0]
 [ 348  557    0    0]
 [ 206  294    0    0]]

[[1852 1781    8    0]
 [1198 1953    6    0]
 [ 338  567    0    0]
 [ 201  299    0    0]]

[[2018 1615    8    0]
 [1334 1819    4    0]
 [ 375  530    0    0]
 [ 223  277    0    0]]

[[2047 1593    1    0]
 [1343 1812    2    0]
 [ 377  528    0    0]
 [ 223  277    0    0]]

[[2163 1477    1    0]
 [1411 1745    1    0]
 [ 408  497    0    0]
 [ 239  261    0    0]]

[[2070 1570    1    0]
 [1333 1824    0    0]
 [ 368  537    0    0]
 [ 222  278    0    0]]

[[2082 1558    1    0]
 [1316 1841    0    0]
 [ 371  534    0    0]
 [ 221  279    0    0]]

[[2220 1420    1    0]
 [1423 1734    0    0]
 [ 420  485    0    0]
 [ 239  261    0    0]]

[[2248 1392    1    0]
 [1433 1724    0    0]
 [ 415  490    0    0]
 [ 238  262    0    0]]

[[2364 1276    1    0]
 [1515 1642    0    0]
 [ 438  467    0    0]
 [ 252  248    0    0]]

[[2397 1243    1    0]
 [1513 1644    0    0]
 [ 440  465    0    0]
 [ 245  255    0    0]]

[[2358 1283    0    0]
 [1480 1677    0    0]
 [ 428  477    0    0]
 [ 248  252    0    0]]

[[2397 1244    0    0]
 [1498 1659    0    0]
 [ 432  473    0    0]
 [ 247  253    0    0]]

[[2375 1266    0    0]
 [1466 1691    0    0]
 [ 421  484    0    0]
 [ 242  258    0    0]]

[[2473 1168    0    0]
 [1568 1589    0    0]
 [ 454  451    0    0]
 [ 254  246    0    0]]

[[2564 1077    0    0]
 [1618 1539    0    0]
 [ 473  432    0    0]
 [ 262  238    0    0]]

[[2479 1162    0    0]
 [1545 1612    0    0]
 [ 445  460    0    0]
 [ 252  248    0    0]]

[[2562 1079    0    0]
 [1607 1550    0    0]
 [ 465  440    0    0]
 [ 258  242    0    0]]

[[2583 1058    0    0]
 [1630 1527    0    0]
 [ 471  434    0    0]
 [ 267  233    0    0]]

[[2513 1128    0    0]
 [1541 1616    0    0]
 [ 443  462    0    0]
 [ 251  249    0    0]]

[[2631 1010    0    0]
 [1663 1494    0    0]
 [ 475  430    0    0]
 [ 269  231    0    0]]

[[2483 1158    0    0]
 [1511 1646    0    0]
 [ 437  468    0    0]
 [ 241  259    0    0]]

[[2639 1002    0    0]
 [1623 1534    0    0]
 [ 471  434    0    0]
 [ 265  235    0    0]]

[[2726  915    0    0]
 [1710 1447    0    0]
 [ 480  425    0    0]
 [ 268  232    0    0]]

[[2709  932    0    0]
 [1664 1493    0    0]
 [ 474  431    0    0]
 [ 267  233    0    0]]

[[2723  918    0    0]
 [1664 1493    0    0]
 [ 472  433    0    0]
 [ 264  236    0    0]]

[[2836  805    0    0]
 [1798 1359    0    0]
 [ 517  388    0    0]
 [ 280  220    0    0]]

[[2777  864    0    0]
 [1720 1437    0    0]
 [ 482  423    0    0]
 [ 272  228    0    0]]

[[2837  804    0    0]
 [1776 1381    0    0]
 [ 499  406    0    0]
 [ 274  226    0    0]]

[[2784  857    0    0]
 [1706 1451    0    0]
 [ 482  423    0    0]
 [ 268  232    0    0]]

[[2759  882    0    0]
 [1647 1510    0    0]
 [ 475  430    0    0]
 [ 259  241    0    0]]

[[2857  784    0    0]
 [1771 1386    0    0]
 [ 501  404    0    0]
 [ 272  228    0    0]]

[[2877  764    0    0]
 [1789 1368    0    0]
 [ 509  396    0    0]
 [ 275  225    0    0]]

[[2819  822    0    0]
 [1688 1469    0    0]
 [ 482  423    0    0]
 [ 263  237    0    0]]

[[2746  895    0    0]
 [1632 1525    0    0]
 [ 460  445    0    0]
 [ 254  246    0    0]]

[[2744  897    0    0]
 [1627 1530    0    0]
 [ 460  445    0    0]
 [ 250  250    0    0]]

[[2754  887    0    0]
 [1600 1557    0    0]
 [ 453  452    0    0]
 [ 244  256    0    0]]

[[2815  826    0    0]
 [1656 1501    0    0]
 [ 458  447    0    0]
 [ 253  247    0    0]]

[[2883  758    0    0]
 [1708 1449    0    0]
 [ 484  421    0    0]
 [ 263  237    0    0]]

[[2871  770    0    0]
 [1693 1464    0    0]
 [ 472  433    0    0]
 [ 256  244    0    0]]

[[2879  762    0    0]
 [1715 1442    0    0]
 [ 478  427    0    0]
 [ 259  241    0    0]]

[[2900  741    0    0]
 [1700 1457    0    0]
 [ 477  428    0    0]
 [ 259  241    0    0]]

[[2843  798    0    0]
 [1636 1521    0    0]
 [ 453  452    0    0]
 [ 247  253    0    0]]

[[2869  772    0    0]
 [1657 1500    0    0]
 [ 464  441    0    0]
 [ 253  247    0    0]]

[[2959  682    0    0]
 [1735 1422    0    0]
 [ 488  417    0    0]
 [ 258  242    0    0]]

[[2857  784    0    0]
 [1624 1533    0    0]
 [ 451  454    0    0]
 [ 246  254    0    0]]

[[2939  702    0    0]
 [1705 1452    0    0]
 [ 477  428    0    0]
 [ 255  245    0    0]]

[[2921  720    0    0]
 [1687 1470    0    0]
 [ 466  439    0    0]
 [ 249  251    0    0]]

[[2962  679    0    0]
 [1702 1455    0    0]
 [ 479  426    0    0]
 [ 255  245    0    0]]

[[2873  768    0    0]
 [1621 1536    0    0]
 [ 450  455    0    0]
 [ 246  254    0    0]]

[[2906  735    0    0]
 [1646 1511    0    0]
 [ 457  448    0    0]
 [ 249  251    0    0]]

[[2890  751    0    0]
 [1625 1532    0    0]
 [ 444  461    0    0]
 [ 244  256    0    0]]

[[2837  804    0    0]
 [1566 1591    0    0]
 [ 439  466    0    0]
 [ 238  262    0    0]]

[[2927  714    0    0]
 [1647 1510    0    0]
 [ 456  449    0    0]
 [ 244  256    0    0]]

[[2884  757    0    0]
 [1594 1563    0    0]
 [ 441  464    0    0]
 [ 243  257    0    0]]

[[2998  643    0    0]
 [1691 1466    0    0]
 [ 471  434    0    0]
 [ 251  249    0    0]]

[[2948  693    0    0]
 [1624 1533    0    0]
 [ 455  450    0    0]
 [ 242  258    0    0]]

[[2920  721    0    0]
 [1609 1548    0    0]
 [ 448  457    0    0]
 [ 240  260    0    0]]

[[2968  673    0    0]
 [1646 1511    0    0]
 [ 464  441    0    0]
 [ 246  254    0    0]]

[[2873  768    0    0]
 [1559 1598    0    0]
 [ 428  477    0    0]
 [ 230  270    0    0]]

[[2932  709    0    0]
 [1603 1554    0    0]
 [ 443  462    0    0]
 [ 240  260    0    0]]

[[2909  732    0    0]
 [1585 1572    0    0]
 [ 427  478    0    0]
 [ 233  267    0    0]]

[[2911  730    0    0]
 [1584 1573    0    0]
 [ 432  473    0    0]
 [ 233  267    0    0]]

[[2848  793    0    0]
 [1522 1635    0    0]
 [ 414  491    0    0]
 [ 221  279    0    0]]

[[2905  736    0    0]
 [1536 1621    0    0]
 [ 420  485    0    0]
 [ 224  276    0    0]]

[[2925  716    0    0]
 [1583 1574    0    0]
 [ 435  470    0    0]
 [ 234  266    0    0]]

[[2967  674    0    0]
 [1610 1547    0    0]
 [ 441  464    0    0]
 [ 237  263    0    0]]

[[2891  750    0    0]
 [1536 1621    0    0]
 [ 417  488    0    0]
 [ 228  272    0    0]]

[[2955  686    0    0]
 [1577 1580    0    0]
 [ 434  471    0    0]
 [ 233  267    0    0]]

[[2940  701    0    0]
 [1563 1594    0    0]
 [ 428  477    0    0]
 [ 228  272    0    0]]

[[3032  609    0    0]
 [1634 1523    0    0]
 [ 455  450    0    0]
 [ 243  257    0    0]]

[[2951  690    0    0]
 [1553 1604    0    0]
 [ 419  486    0    0]
 [ 227  273    0    0]]

[[2956  685    0    0]
 [1564 1593    0    0]
 [ 425  480    0    0]
 [ 228  272    0    0]]

[[2978  663    0    0]
 [1580 1577    0    0]
 [ 434  471    0    0]
 [ 228  272    0    0]]

[[2996  645    0    0]
 [1581 1576    0    0]
 [ 439  466    0    0]
 [ 234  266    0    0]]

[[2967  674    0    0]
 [1563 1594    0    0]
 [ 428  477    0    0]
 [ 227  273    0    0]]

[[3083  558    0    0]
 [1658 1499    0    0]
 [ 463  442    0    0]
 [ 244  256    0    0]]

[[2944  697    0    0]
 [1523 1634    0    0]
 [ 416  489    0    0]
 [ 220  280    0    0]]

[[3027  614    0    0]
 [1601 1556    0    0]
 [ 446  459    0    0]
 [ 229  271    0    0]]

[[3010  631    0    0]
 [1566 1591    0    0]
 [ 433  472    0    0]
 [ 226  274    0    0]]

[[3011  630    0    0]
 [1568 1589    0    0]
 [ 432  473    0    0]
 [ 225  275    0    0]]

[[3021  620    0    0]
 [1562 1595    0    0]
 [ 428  477    0    0]
 [ 223  277    0    0]]

[[2969  672    0    0]
 [1515 1642    0    0]
 [ 412  493    0    0]
 [ 218  282    0    0]]

[[2939  702    0    0]
 [1496 1661    0    0]
 [ 414  491    0    0]
 [ 216  284    0    0]]

[[2933  708    0    0]
 [1469 1688    0    0]
 [ 402  503    0    0]
 [ 211  289    0    0]]

[[2998  643    0    0]
 [1519 1638    0    0]
 [ 425  480    0    0]
 [ 221  279    0    0]]

[[2988  653    0    0]
 [1511 1646    0    0]
 [ 410  495    0    0]
 [ 215  285    0    0]]

[[2857  784    0    0]
 [1397 1760    0    0]
 [ 361  544    0    0]
 [ 199  301    0    0]]

[[3012  629    0    0]
 [1515 1642    0    0]
 [ 412  493    0    0]
 [ 217  283    0    0]]

[[3057  584    0    0]
 [1581 1576    0    0]
 [ 437  468    0    0]
 [ 227  273    0    0]]

[[2966  675    0    0]
 [1471 1686    0    0]
 [ 393  512    0    0]
 [ 208  292    0    0]]

[[2958  683    0    0]
 [1455 1702    0    0]
 [ 397  508    0    0]
 [ 208  292    0    0]]

[[3019  622    0    0]
 [1535 1622    0    0]
 [ 422  483    0    0]
 [ 217  283    0    0]]

[[3008  633    0    0]
 [1493 1664    0    0]
 [ 411  494    0    0]
 [ 215  285    0    0]]

[[2925  716    0    0]
 [1436 1721    0    0]
 [ 374  531    0    0]
 [ 198  302    0    0]]

[[2988  653    0    0]
 [1474 1683    0    0]
 [ 406  499    0    0]
 [ 209  291    0    0]]

[[3020  621    0    0]
 [1494 1663    0    0]
 [ 409  496    0    0]
 [ 210  290    0    0]]

[[3020  621    0    0]
 [1501 1656    0    0]
 [ 405  500    0    0]
 [ 209  291    0    0]]

[[2994  647    0    0]
 [1475 1682    0    0]
 [ 400  505    0    0]
 [ 207  293    0    0]]

[[2891  750    0    0]
 [1384 1773    0    0]
 [ 353  552    0    0]
 [ 188  312    0    0]]

[[3042  599    0    0]
 [1509 1648    0    0]
 [ 415  490    0    0]
 [ 214  286    0    0]]

[[2993  648    0    0]
 [1463 1694    0    0]
 [ 400  505    0    0]
 [ 204  296    0    0]]

[[3013  628    0    0]
 [1469 1688    0    0]
 [ 400  505    0    0]
 [ 205  295    0    0]]

[[3062  579    0    0]
 [1525 1632    0    0]
 [ 420  485    0    0]
 [ 215  285    0    0]]

[[3015  626    0    0]
 [1473 1684    0    0]
 [ 404  501    0    0]
 [ 203  297    0    0]]

[[3073  568    0    0]
 [1519 1638    0    0]
 [ 416  489    0    0]
 [ 213  287    0    0]]

[[2988  653    0    0]
 [1437 1720    0    0]
 [ 378  527    0    0]
 [ 197  303    0    0]]

[[2989  652    0    0]
 [1446 1711    0    0]
 [ 379  526    0    0]
 [ 195  305    0    0]]

[[3056  585    0    0]
 [1500 1657    0    0]
 [ 407  498    0    0]
 [ 209  291    0    0]]

[[3071  570    0    0]
 [1515 1642    0    0]
 [ 414  491    0    0]
 [ 213  287    0    0]]

[[2963  678    0    0]
 [1411 1746    0    0]
 [ 357  548    0    0]
 [ 189  311    0    0]]

[[3079  562    0    0]
 [1523 1634    0    0]
 [ 414  491    0    0]
 [ 213  287    0    0]]

[[3041  600    0    0]
 [1461 1696    0    0]
 [ 394  511    0    0]
 [ 199  301    0    0]]

[[3017  624    0    0]
 [1450 1707    0    0]
 [ 387  518    0    0]
 [ 195  305    0    0]]

[[3058  583    0    0]
 [1487 1670    0    0]
 [ 399  506    0    0]
 [ 203  297    0    0]]

[[3059  582    0    0]
 [1494 1663    0    0]
 [ 403  502    0    0]
 [ 202  298    0    0]]

[[3074  567    0    0]
 [1505 1652    0    0]
 [ 403  502    0    0]
 [ 205  295    0    0]]

[[3100  541    0    0]
 [1531 1626    0    0]
 [ 416  489    0    0]
 [ 208  292    0    0]]

[[3037  604    0    0]
 [1459 1698    0    0]
 [ 385  520    0    0]
 [ 196  304    0    0]]

[[3041  600    0    0]
 [1460 1697    0    0]
 [ 391  514    0    0]
 [ 196  304    0    0]]

[[3063  578    0    0]
 [1482 1675    0    0]
 [ 395  510    0    0]
 [ 199  301    0    0]]

[[3035  606    0    0]
 [1447 1710    0    0]
 [ 374  531    0    0]
 [ 193  307    0    0]]

[[2965  676    0    0]
 [1362 1795    0    0]
 [ 351  554    0    0]
 [ 179  321    0    0]]

[[2994  647    0    0]
 [1394 1763    0    0]
 [ 365  540    0    0]
 [ 188  312    0    0]]

[[3045  596    0    0]
 [1451 1706    0    0]
 [ 383  522    0    0]
 [ 195  305    0    0]]

[[3075  566    0    0]
 [1482 1675    0    0]
 [ 389  516    0    0]
 [ 198  302    0    0]]

[[3051  590    0    0]
 [1441 1716    0    0]
 [ 382  523    0    0]
 [ 192  308    0    0]]

[[3058  583    0    0]
 [1450 1707    0    0]
 [ 382  523    0    0]
 [ 192  308    0    0]]

[[2963  678    0    0]
 [1347 1810    0    0]
 [ 341  564    0    0]
 [ 176  324    0    0]]

[[3089  552    0    0]
 [1507 1650    0    0]
 [ 401  504    0    0]
 [ 203  297    0    0]]

[[3003  638    0    0]
 [1399 1758    0    0]
 [ 365  540    0    0]
 [ 184  316    0    0]]

[[3064  577    0    0]
 [1463 1694    0    0]
 [ 387  518    0    0]
 [ 195  305    0    0]]

[[3077  564    0    0]
 [1484 1673    0    0]
 [ 392  513    0    0]
 [ 200  300    0    0]]

[[3027  614    0    0]
 [1408 1749    0    0]
 [ 365  540    0    0]
 [ 185  315    0    0]]

[[3081  560    0    0]
 [1482 1675    0    0]
 [ 386  519    0    0]
 [ 197  303    0    0]]

[[3028  613    0    0]
 [1391 1766    0    0]
 [ 359  546    0    0]
 [ 182  318    0    0]]

[[3080  561    0    0]
 [1476 1681    0    0]
 [ 389  516    0    0]
 [ 195  305    0    0]]

[[3084  557    0    0]
 [1481 1676    0    0]
 [ 392  513    0    0]
 [ 196  304    0    0]]

[[3059  582    0    0]
 [1450 1707    0    0]
 [ 385  520    0    0]
 [ 193  307    0    0]]

[[3077  564    0    0]
 [1467 1690    0    0]
 [ 383  522    0    0]
 [ 196  304    0    0]]

[[3033  608    0    0]
 [1397 1760    0    0]
 [ 359  546    0    0]
 [ 182  318    0    0]]

[[3072  569    0    0]
 [1444 1713    0    0]
 [ 375  530    0    0]
 [ 191  309    0    0]]

[[3029  612    0    0]
 [1380 1777    0    0]
 [ 353  552    0    0]
 [ 183  317    0    0]]

[[3110  531    0    0]
 [1490 1667    0    0]
 [ 385  520    0    0]
 [ 197  303    0    0]]

[[3031  610    0    0]
 [1385 1772    0    0]
 [ 356  549    0    0]
 [ 181  319    0    0]]

[[3094  547    0    0]
 [1468 1689    0    0]
 [ 387  518    0    0]
 [ 194  306    0    0]]

[[3080  561    0    0]
 [1439 1718    0    0]
 [ 377  528    0    0]
 [ 189  311    0    0]]

[[3070  571    0    0]
 [1439 1718    0    0]
 [ 369  536    0    0]
 [ 189  311    0    0]]

[[3117  524    0    0]
 [1500 1657    0    0]
 [ 389  516    0    0]
 [ 196  304    0    0]]

[[3058  583    0    0]
 [1413 1744    0    0]
 [ 370  535    0    0]
 [ 185  315    0    0]]

[[3138  503    0    0]
 [1519 1638    0    0]
 [ 397  508    0    0]
 [ 201  299    0    0]]

[[3031  610    0    0]
 [1365 1792    0    0]
 [ 358  547    0    0]
 [ 179  321    0    0]]

[[3092  549    0    0]
 [1456 1701    0    0]
 [ 376  529    0    0]
 [ 190  310    0    0]]

[[3040  601    0    0]
 [1380 1777    0    0]
 [ 364  541    0    0]
 [ 181  319    0    0]]

[[3073  568    0    0]
 [1420 1737    0    0]
 [ 375  530    0    0]
 [ 190  310    0    0]]

[[3076  565    0    0]
 [1424 1733    0    0]
 [ 371  534    0    0]
 [ 187  313    0    0]]

[[3050  591    0    0]
 [1390 1767    0    0]
 [ 361  544    0    0]
 [ 182  318    0    0]]

[[3097  544    0    0]
 [1449 1708    0    0]
 [ 375  530    0    0]
 [ 190  310    0    0]]

[[3027  614    0    0]
 [1343 1814    0    0]
 [ 345  560    0    0]
 [ 173  327    0    0]]

[[3033  608    0    0]
 [1366 1791    0    0]
 [ 357  548    0    0]
 [ 178  322    0    0]]

[[3113  528    0    0]
 [1463 1694    0    0]
 [ 380  525    0    0]
 [ 190  310    0    0]]

[[3033  608    0    0]
 [1355 1802    0    0]
 [ 357  548    0    0]
 [ 182  318    0    0]]

[[3042  599    0    0]
 [1367 1790    0    0]
 [ 362  543    0    0]
 [ 178  322    0    0]]

[[3124  517    0    0]
 [1471 1686    0    0]
 [ 376  529    0    0]
 [ 190  310    0    0]]

[[3096  545    0    0]
 [1427 1730    0    0]
 [ 373  532    0    0]
 [ 186  314    0    0]]

[[3065  576    0    0]
 [1395 1762    0    0]
 [ 369  536    0    0]
 [ 179  321    0    0]]

[[3127  514    0    0]
 [1483 1674    0    0]
 [ 384  521    0    0]
 [ 194  306    0    0]]

[[3049  592    0    0]
 [1367 1790    0    0]
 [ 358  547    0    0]
 [ 176  324    0    0]]

[[3114  527    0    0]
 [1457 1700    0    0]
 [ 375  530    0    0]
 [ 189  311    0    0]]

[[3094  547    0    0]
 [1422 1735    0    0]
 [ 368  537    0    0]
 [ 180  320    0    0]]

[[3075  566    0    0]
 [1394 1763    0    0]
 [ 363  542    0    0]
 [ 179  321    0    0]]

[[3114  527    0    0]
 [1462 1695    0    0]
 [ 381  524    0    0]
 [ 191  309    0    0]]

[[3139  502    0    0]
 [1475 1682    0    0]
 [ 385  520    0    0]
 [ 194  306    0    0]]

[[3054  587    0    0]
 [1360 1797    0    0]
 [ 353  552    0    0]
 [ 176  324    0    0]]

[[3079  562    0    0]
 [1389 1768    0    0]
 [ 365  540    0    0]
 [ 178  322    0    0]]

[[3138  503    0    0]
 [1469 1688    0    0]
 [ 380  525    0    0]
 [ 190  310    0    0]]

[[3165  476    0    0]
 [1533 1624    0    0]
 [ 395  510    0    0]
 [ 204  296    0    0]]

[[3126  515    0    0]
 [1448 1709    0    0]
 [ 380  525    0    0]
 [ 187  313    0    0]]

[[3094  547    0    0]
 [1407 1750    0    0]
 [ 371  534    0    0]
 [ 184  316    0    0]]

[[3089  552    0    0]
 [1401 1756    0    0]
 [ 374  531    0    0]
 [ 180  320    0    0]]

[[3082  559    0    0]
 [1390 1767    0    0]
 [ 367  538    0    0]
 [ 178  322    0    0]]

[[3147  494    0    0]
 [1486 1671    0    0]
 [ 387  518    0    0]
 [ 196  304    0    0]]

[[3138  503    0    0]
 [1470 1687    0    0]
 [ 385  520    0    0]
 [ 187  313    0    0]]

[[3139  502    0    0]
 [1463 1694    0    0]
 [ 383  522    0    0]
 [ 190  310    0    0]]

[[3116  525    0    0]
 [1418 1739    0    0]
 [ 374  531    0    0]
 [ 184  316    0    0]]

[[3104  537    0    0]
 [1415 1742    0    0]
 [ 374  531    0    0]
 [ 181  319    0    0]]

[[3047  594    0    0]
 [1319 1838    0    0]
 [ 338  567    0    0]
 [ 174  326    0    0]]

[[3090  551    0    0]
 [1374 1783    0    0]
 [ 361  544    0    0]
 [ 179  321    0    0]]

[[3099  542    0    0]
 [1392 1765    0    0]
 [ 373  532    0    0]
 [ 178  322    0    0]]

[[3117  524    0    0]
 [1412 1745    0    0]
 [ 371  534    0    0]
 [ 182  318    0    0]]

[[3150  491    0    0]
 [1475 1682    0    0]
 [ 385  520    0    0]
 [ 194  306    0    0]]

[[3165  476    0    0]
 [1498 1659    0    0]
 [ 390  515    0    0]
 [ 193  307    0    0]]

[[3129  512    0    0]
 [1439 1718    0    0]
 [ 378  527    0    0]
 [ 186  314    0    0]]

[[3201  440    0    0]
 [1556 1601    0    0]
 [ 402  503    0    0]
 [ 203  297    0    0]]

[[3098  543    0    0]
 [1375 1782    0    0]
 [ 368  537    0    0]
 [ 179  321    0    0]]

[[3152  489    0    0]
 [1472 1685    0    0]
 [ 381  524    0    0]
 [ 190  310    0    0]]

[[3068  573    0    0]
 [1350 1807    0    0]
 [ 356  549    0    0]
 [ 174  326    0    0]]

[[3075  566    0    0]
 [1344 1813    0    0]
 [ 358  547    0    0]
 [ 173  327    0    0]]

[[3131  510    0    0]
 [1424 1733    0    0]
 [ 375  530    0    0]
 [ 181  319    0    0]]

[[3172  469    0    0]
 [1489 1668    0    0]
 [ 385  520    0    0]
 [ 196  304    0    0]]

[[3114  527    0    0]
 [1397 1760    0    0]
 [ 369  536    0    0]
 [ 179  321    0    0]]

[[3067  574    0    0]
 [1329 1828    0    0]
 [ 345  560    0    0]
 [ 170  330    0    0]]

[[3103  538    0    0]
 [1388 1769    0    0]
 [ 366  539    0    0]
 [ 178  322    0    0]]

[[3104  537    0    0]
 [1388 1769    0    0]
 [ 365  540    0    0]
 [ 177  323    0    0]]

[[3087  554    0    0]
 [1367 1790    0    0]
 [ 365  540    0    0]
 [ 175  325    0    0]]

[[3124  517    0    0]
 [1419 1738    0    0]
 [ 373  532    0    0]
 [ 183  317    0    0]]

[[3130  511    0    0]
 [1422 1735    0    0]
 [ 366  539    0    0]
 [ 182  318    0    0]]

[[3142  499    0    0]
 [1431 1726    0    0]
 [ 373  532    0    0]
 [ 182  318    0    0]]

[[3091  550    0    0]
 [1365 1792    0    0]
 [ 356  549    0    0]
 [ 175  325    0    0]]

[[3073  568    0    0]
 [1332 1825    0    0]
 [ 344  561    0    0]
 [ 173  327    0    0]]

[[3106  535    0    0]
 [1377 1780    0    0]
 [ 363  542    0    0]
 [ 176  324    0    0]]

[[3163  478    0    0]
 [1457 1700    0    0]
 [ 380  525    0    0]
 [ 186  314    0    0]]

[[3142  499    0    0]
 [1430 1727    0    0]
 [ 375  530    0    0]
 [ 180  320    0    0]]

[[3118  523    0    0]
 [1385 1772    0    0]
 [ 366  539    0    0]
 [ 177  323    0    0]]

[[3173  468    0    0]
 [1484 1673    0    0]
 [ 379  526    0    0]
 [ 193  307    0    0]]

[[3171  470    0    0]
 [1458 1699    0    0]
 [ 382  523    0    0]
 [ 189  311    0    0]]

[[3110  531    0    0]
 [1379 1778    0    0]
 [ 359  546    0    0]
 [ 176  324    0    0]]

[[3141  500    0    0]
 [1413 1744    0    0]
 [ 366  539    0    0]
 [ 179  321    0    0]]

[[3222  419    0    0]
 [1540 1617    0    0]
 [ 394  511    0    0]
 [ 197  303    0    0]]

[[3142  499    0    0]
 [1423 1734    0    0]
 [ 372  533    0    0]
 [ 181  319    0    0]]

[[3144  497    0    0]
 [1417 1740    0    0]
 [ 369  536    0    0]
 [ 181  319    0    0]]

[[3080  561    0    0]
 [1314 1843    0    0]
 [ 337  568    0    0]
 [ 167  333    0    0]]

[[3059  582    0    0]
 [1284 1873    0    0]
 [ 326  579    0    0]
 [ 166  334    0    0]]

[[3081  560    0    0]
 [1327 1830    0    0]
 [ 338  567    0    0]
 [ 169  331    0    0]]

[[3087  554    0    0]
 [1327 1830    0    0]
 [ 342  563    0    0]
 [ 171  329    0    0]]

[[3104  537    0    0]
 [1353 1804    0    0]
 [ 349  556    0    0]
 [ 171  329    0    0]]

[[3112  529    0    0]
 [1367 1790    0    0]
 [ 352  553    0    0]
 [ 173  327    0    0]]

[[3098  543    0    0]
 [1343 1814    0    0]
 [ 345  560    0    0]
 [ 169  331    0    0]]

[[3180  461    0    0]
 [1461 1696    0    0]
 [ 376  529    0    0]
 [ 186  314    0    0]]

[[3121  520    0    0]
 [1375 1782    0    0]
 [ 357  548    0    0]
 [ 175  325    0    0]]

[[3111  530    0    0]
 [1364 1793    0    0]
 [ 356  549    0    0]
 [ 173  327    0    0]]

[[3121  520    0    0]
 [1366 1791    0    0]
 [ 349  556    0    0]
 [ 175  325    0    0]]

[[3135  506    0    0]
 [1392 1765    0    0]
 [ 360  545    0    0]
 [ 178  322    0    0]]

[[3175  466    0    0]
 [1438 1719    0    0]
 [ 373  532    0    0]
 [ 183  317    0    0]]

[[3121  520    0    0]
 [1361 1796    0    0]
 [ 349  556    0    0]
 [ 171  329    0    0]]

[[3141  500    0    0]
 [1390 1767    0    0]
 [ 357  548    0    0]
 [ 176  324    0    0]]

[[3131  510    0    0]
 [1386 1771    0    0]
 [ 352  553    0    0]
 [ 173  327    0    0]]

[[3127  514    0    0]
 [1369 1788    0    0]
 [ 349  556    0    0]
 [ 172  328    0    0]]

[[3098  543    0    0]
 [1331 1826    0    0]
 [ 338  567    0    0]
 [ 169  331    0    0]]

[[3145  496    0    0]
 [1407 1750    0    0]
 [ 361  544    0    0]
 [ 182  318    0    0]]

[[3144  497    0    0]
 [1395 1762    0    0]
 [ 362  543    0    0]
 [ 181  319    0    0]]

[[3164  477    0    0]
 [1420 1737    0    0]
 [ 365  540    0    0]
 [ 180  320    0    0]]

[[3146  495    0    0]
 [1404 1753    0    0]
 [ 356  549    0    0]
 [ 178  322    0    0]]

[[3141  500    0    0]
 [1388 1769    0    0]
 [ 354  551    0    0]
 [ 177  323    0    0]]

[[3101  540    0    0]
 [1333 1824    0    0]
 [ 341  564    0    0]
 [ 169  331    0    0]]

[[3161  480    0    0]
 [1413 1744    0    0]
 [ 362  543    0    0]
 [ 179  321    0    0]]

[[3118  523    0    0]
 [1353 1804    0    0]
 [ 343  562    0    0]
 [ 170  330    0    0]]

[[3130  511    0    0]
 [1365 1792    0    0]
 [ 347  558    0    0]
 [ 172  328    0    0]]

[[3134  507    0    0]
 [1390 1767    0    0]
 [ 356  549    0    0]
 [ 175  325    0    0]]

[[3110  531    0    0]
 [1341 1816    0    0]
 [ 341  564    0    0]
 [ 170  330    0    0]]

[[3173  468    0    0]
 [1420 1737    0    0]
 [ 362  543    0    0]
 [ 180  320    0    0]]

[[3087  554    0    0]
 [1300 1857    0    0]
 [ 330  575    0    0]
 [ 163  337    0    0]]

[[3118  523    0    0]
 [1350 1807    0    0]
 [ 345  560    0    0]
 [ 170  330    0    0]]

[[3151  490    0    0]
 [1402 1755    0    0]
 [ 357  548    0    0]
 [ 177  323    0    0]]

[[3133  508    0    0]
 [1364 1793    0    0]
 [ 347  558    0    0]
 [ 170  330    0    0]]

[[3191  450    0    0]
 [1453 1704    0    0]
 [ 370  535    0    0]
 [ 188  312    0    0]]

[[3106  535    0    0]
 [1332 1825    0    0]
 [ 337  568    0    0]
 [ 168  332    0    0]]

[[3204  437    0    0]
 [1460 1697    0    0]
 [ 372  533    0    0]
 [ 185  315    0    0]]

[[3176  465    0    0]
 [1415 1742    0    0]
 [ 364  541    0    0]
 [ 179  321    0    0]]

[[3139  502    0    0]
 [1373 1784    0    0]
 [ 347  558    0    0]
 [ 171  329    0    0]]

[[3135  506    0    0]
 [1373 1784    0    0]
 [ 346  559    0    0]
 [ 170  330    0    0]]

[[3198  443    0    0]
 [1447 1710    0    0]
 [ 368  537    0    0]
 [ 186  314    0    0]]

[[3158  483    0    0]
 [1399 1758    0    0]
 [ 359  546    0    0]
 [ 179  321    0    0]]

[[3205  436    0    0]
 [1451 1706    0    0]
 [ 368  537    0    0]
 [ 185  315    0    0]]

[[3133  508    0    0]
 [1355 1802    0    0]
 [ 343  562    0    0]
 [ 171  329    0    0]]

[[3094  547    0    0]
 [1300 1857    0    0]
 [ 327  578    0    0]
 [ 165  335    0    0]]

[[3175  466    0    0]
 [1419 1738    0    0]
 [ 360  545    0    0]
 [ 179  321    0    0]]

[[3175  466    0    0]
 [1414 1743    0    0]
 [ 362  543    0    0]
 [ 182  318    0    0]]

[[3136  505    0    0]
 [1355 1802    0    0]
 [ 334  571    0    0]
 [ 165  335    0    0]]

[[3160  481    0    0]
 [1386 1771    0    0]
 [ 348  557    0    0]
 [ 174  326    0    0]]

[[3152  489    0    0]
 [1378 1779    0    0]
 [ 349  556    0    0]
 [ 172  328    0    0]]

[[3198  443    0    0]
 [1423 1734    0    0]
 [ 367  538    0    0]
 [ 180  320    0    0]]

[[3208  433    0    0]
 [1453 1704    0    0]
 [ 368  537    0    0]
 [ 180  320    0    0]]

[[3116  525    0    0]
 [1327 1830    0    0]
 [ 336  569    0    0]
 [ 167  333    0    0]]

[[3140  501    0    0]
 [1355 1802    0    0]
 [ 338  567    0    0]
 [ 169  331    0    0]]

[[3130  511    0    0]
 [1336 1821    0    0]
 [ 337  568    0    0]
 [ 168  332    0    0]]

[[3166  475    0    0]
 [1395 1762    0    0]
 [ 356  549    0    0]
 [ 176  324    0    0]]

[[3102  539    0    0]
 [1314 1843    0    0]
 [ 327  578    0    0]
 [ 164  336    0    0]]

[[3176  465    0    0]
 [1401 1756    0    0]
 [ 351  554    0    0]
 [ 177  323    0    0]]

[[3124  517    0    0]
 [1334 1823    0    0]
 [ 333  572    0    0]
 [ 166  334    0    0]]

[[3149  492    0    0]
 [1369 1788    0    0]
 [ 346  559    0    0]
 [ 173  327    0    0]]

[[3158  483    0    0]
 [1382 1775    0    0]
 [ 349  556    0    0]
 [ 173  327    0    0]]

[[3124  517    0    0]
 [1334 1823    0    0]
 [ 338  567    0    0]
 [ 167  333    0    0]]

[[3076  565    0    0]
 [1272 1885    0    0]
 [ 319  586    0    0]
 [ 158  342    0    0]]

[[3163  478    0    0]
 [1374 1783    0    0]
 [ 348  557    0    0]
 [ 170  330    0    0]]

[[3147  494    0    0]
 [1374 1783    0    0]
 [ 345  560    0    0]
 [ 171  329    0    0]]

[[3172  469    0    0]
 [1386 1771    0    0]
 [ 349  556    0    0]
 [ 173  327    0    0]]

[[3217  424    0    0]
 [1440 1717    0    0]
 [ 365  540    0    0]
 [ 181  319    0    0]]

[[3138  503    0    0]
 [1344 1813    0    0]
 [ 341  564    0    0]
 [ 168  332    0    0]]

[[3143  498    0    0]
 [1349 1808    0    0]
 [ 342  563    0    0]
 [ 169  331    0    0]]

[[3215  426    0    0]
 [1428 1729    0    0]
 [ 367  538    0    0]
 [ 181  319    0    0]]

[[3198  443    0    0]
 [1410 1747    0    0]
 [ 354  551    0    0]
 [ 175  325    0    0]]

[[3116  525    0    0]
 [1315 1842    0    0]
 [ 324  581    0    0]
 [ 162  338    0    0]]

[[3114  527    0    0]
 [1313 1844    0    0]
 [ 326  579    0    0]
 [ 164  336    0    0]]

